374 0837
355 0997
407 0997
249 0483
371 0906
366 0897
209 0915
149 0556
323 0853
118 0372
97 0412
379 0478
293 0996
319 0827
320 0436
409 0898
304 0439
327 0943
308 0776
148 0552
89 0472
125 0917
75 0312
207 0875
422 0898
174 0779
1 010
253 0414
264 0857
183 0543
169 0558
391 0909
94 0317
362 0895
368 0994
414 0898
38 0431
26 0731
315 0572
223 0355
157 0736
66 0512
17 0519
254 0551
279 0421
91 0768
90 0735
13 028
104 0314
412 0898
301 0566
172 0476
356 0771
182 0550
383 0878
33 0574
287 0818
370 0872
34 0411
120 0459
194 0352
419 0457
108 0415
117 0511
421 0898
390 0692
203 0838
130 0534
381 0887
417 0898
404 0932
428 0898
5 0769
105 0546
290 0477
281 0711
378 0718
340 0770
347 0538
7 0757
271 0591
30 0591
178 024
298 0794
275 0418
131 0558
385 0941
376 0836
109 0797
86 0371
365 0954
322 0826
251 0839
3 020
241 0775
77 0851
73 0773
400 0975
28 0451
361 0902
399 0970
288 0412
373 0972
60 0898
191 0513
395 0974
100 0573
394 0977
92 0310
282 0916
9 0571
37 0551
367 0903
334 0778
195 0762
176 0530
339 0774
155 0392
321 0468
318 0456
137 0318
143 0734
263 0873
87 0471
336 0470
278 0429
133 0572
228 0745
80 0517
235 0561
217 0554
179 0713
398 0973
136 0559
185 0714
305 0595
51 0752
283 0467
255 0796
47 0432
352 0743
23 0531
88 0537
431 0391
164 0454
55 0573
342 0937
110 0514
36 0750
45 0510
245 0532
265 0532
115 0391
48 0663
353 0935
61 0579
171 0416
230 0356
85 0595
295 0354
229 0724
140 0716
237 0798
175 0792
204 0937
358 0998
142 0378
328 0990
397 0908
40 0871
65 0512
225 0891
349 0772
159 0634
150 0535
84 0931
101 0316
426 0898
43 0577
187 0833
313 0888
146 0578
163 0519
72 0518
375 0834
201 0419
309 0437
116 0635
357 0894
364 0883
226 0357
427 0898
196 0576
388 0930
67 0539
406 0898
79 0772
239 0564
307 0858
243 0535
192 0597
403 0939
267 0738
205 0830
402 0358
76 0379
170 0395
167 0555
152 0668
291 028
166 0753
96 0816
181 0453
262 0832
377 0896
168 0595
52 0791
238 0817
11 025
39 0771
220 0599
59 0513
129 0377
15 0574
231 0593
392 0886
250 0812
284 0427
218 0535
188 0375
302 0532
200 0573
351 0933
113 0799
106 0594
177 0393
363 0879
346 0464
210 0452
208 0513
360 0315
413 0728
306 0855
382 0854
389 0859
248 0777
122 0335
24 0532
161 0763
337 0934
410 0898
411 0898
258 0874
153 0570
35 0595
221 0317
380 0892
124 0633
135 0631
335 0631
49 0577
234 0398
186 0598
189 0898
359 0893
22 0754
274 0660
350 0914
199 0370
2 021
214 0793
128 0575
145 0751
206 0739
70 0575
46 0575
4 0755
408 0719
21 024
184 0719
405 0993
25 0311
98 0595
300 0952
252 0536
338 028
331 0469
325 0349
273 0434
316 0438
19 0512
119 0527
269 0557
326 0455
212 0722
260 0825
372 0992
32 0576
151 0512
53 0351
74 0538
132 0523
63 0523
71 0315
123 0632
6 022
418 0728
277 0938
266 024
292 0435
257 0475
215 0513
99 0573
324 0919
211 0562
345 0856
420 0998
369 0995
416 0898
332 0411
429 0898
82 0631
68 0536
286 0913
95 0576
16 0577
415 0898
317 0631
387 0876
401 0473
299 0474
83 0991
14 0510
81 0512
190 0953
126 0553
173 0774
425 0994
424 0898
12 027
343 0935
20 029
112 0971
384 0691
247 0479
31 0592
423 0728
312 0715
213 029
154 0731
147 0710
268 0712
294 0350
344 0538
56 0373
270 0790
227 0376
93 0482
134 0319
57 0516
236 0374
285 0563
311 0835
54 0535
310 0911
354 0433
64 0515
330 0537
50 0514
111 0662
244 0353
296 0458
297 0992
216 0831
114 0717
276 0795
62 0510
27 0579
197 0737
138 0951
180 0701
222 0417
42 0579
240 0746
41 0574
165 0912
127 0576
233 0775
396 0976
158 0877
160 0730
261 0766
219 0359
162 0632
232 020
121 0759
44 0512
289 0744
193 0313
303 0936
259 0531
107 0596
314 0535
333 0870
102 0758
69 0511
18 0371
10 0760
430 0955
8 023
156 0580
256 0394
29 0756
144 0731
198 0536
103 0575
280 0396
141 0477
272 028
58 0533
202 0813
329 0537
341 0543
348 0315
224 0852
